
L/100	Consumo promedio	KM/Galon	Combustible costo x km	Gastos anuales x km	Precio x galon	Costo Total	KM
8.0	16.88		43809.24			67000.00				290.00			170893808.00			2550.00		0.00
9.0	18.99		38941.55			67000.00				290.00			170888944.00			2550.00		0.00
10.0	21.10		35047.39			67000.00				290.00			170885040.00			2550.00		0.00
11.0	23.21		31861.27			67000.00				290.00			170881856.00			2550.00		0.00
12.0	25.32		29206.16			67000.00				290.00			170879200.00			2550.00		0.00
13.0	27.43		26959.54			67000.00				290.00			170876960.00			2550.00		0.00
14.0	29.54		25033.85			67000.00				290.00			170875040.00			2550.00		0.00
15.0	31.65		23364.93			67000.00				290.00			170873360.00			2550.00		0.00
16.0	33.76		21904.62			67000.00				290.00			170871904.00			2550.00		0.00
